"","State","Murder","UrbanPop","Location","Affiliation","Unemployment","Income"
"1","Alabama",13.2,58,0,0,5.8,47221
"2","Alaska",10,48,1,0,6.9,75723
"3","Arizona",8.1,80,1,0,5.4,57100
"4","Arkansas",8.8,50,0,0,4,45907
"5","California",9,91,1,1,5.5,66637
"6","Colorado",7.9,78,1,0,3.2,70566
"7","Connecticut",3.3,77,3,1,5.1,75923
"8","Delaware",5.9,72,2,1,4.5,58046
"9","Florida",15.4,80,2,0,4.8,51176
"10","Georgia",17.4,60,2,0,5.4,53527
"11","Hawaii",5.3,83,1,1,3,72133
"12","Idaho",2.6,54,1,0,3.8,56564
"13","Illinois",10.4,83,4,1,5.8,61386
"14","Indiana",7.2,65,3,0,4.4,56094
"15","Iowa",2.2,57,4,0,3.6,56247
"16","Kansas",6,66,4,0,4,56810
"17","Kentucky",9.7,52,0,0,5.1,45369
"18","Louisiana",15.4,66,0,0,6.1,42196
"19","Maine",2.1,51,3,1,3.8,50856
"20","Maryland",11.3,67,2,1,4.5,73760
"21","Massachusetts",4.4,85,3,1,3.9,72266
"22","Michigan",12.1,74,3,1,5,57091
"23","Minnesota",2.7,66,4,1,3.9,70218
"24","Mississippi",16.1,44,0,0,5.8,41099
"25","Missouri",9,70,4,0,4.6,55016
"26","Montana",6,53,1,0,4.1,57075
"27","Nebraska",4.3,62,4,0,3.1,59374
"28","Nevada",12.2,81,1,1,5.7,55431
"29","New Hampshire",2.1,56,3,0,2.9,76260
"30","New Jersey",7.4,89,3,1,5,68468
"31","New Mexico",11.4,70,1,1,6.6,48451
"32","New York",11.1,86,3,1,4.9,61437
"33","North Carolina",13,45,2,0,5.1,53764
"34","North Dakota",0.8,44,4,0,3.1,60184
"35","Ohio",7.3,75,3,0,5,53985
"36","Oklahoma",6.6,68,0,0,4.8,50943
"37","Oregon",4.9,67,1,1,4.8,59135
"38","Pennsylvania",6.3,72,3,0,5.4,60979
"39","Rhode Island",3.4,87,3,1,5.2,61528
"40","South Carolina",14.4,48,2,0,5,65336
"41","South Dakota",3.8,45,4,0,3,57450
"42","Tennessee",13.2,59,0,0,4.7,51344
"43","Texas",12.7,80,0,0,4.6,58146
"44","Utah",3.2,80,1,0,3.4,67481
"45","Vermont",2.2,32,3,1,3.2,60837
"46","Virginia",8.5,63,2,1,4.1,66451
"47","Washington",4,73,1,1,5.3,70310
"48","West Virginia",5.7,39,0,0,6.1,44354
"49","Wisconsin",2.6,66,4,1,4,59817
"50","Wyoming",6.8,60,1,0,5.3,57829
